

JENAYAH INDEK SELURUH MALAYSIA :,,,,,,,,,,,,,,,
Mengikut Tarikh Kertas Siasatan Dari 1/1/2004 Hingga 31/12/2004 ,,,,,,,,,,,,,,,
KESALAHAN,JOHOR ,KEDAH ,KELANTAN ,KUALA LUMPUR ,MELAKA ,NEGERI SEMBILAN ,PAHANG ,PERAK ,PERLIS ,PULAU PINANG ,SABAH ,SARAWAK ,SELANGOR ,TRNGGANU ,Jumlah
JENAYAH KEKERASAN :,,,,,,,,,,,,,,,
BUNUH,77,23,8,54,11,25,10,42,3,58,72,41,137,4,565
ROGOL,310,127,74,104,97,84,100,119,19,88,159,92,290,55,1718
SAMUN BERKAWAN BERS/API,6,1,0,3,1,2,0,0,0,2,0,9,20,0,44
SAMUN BERKAWAN TANPA BERS/API,347,24,4,226,35,56,16,92,5,46,55,55,727,1,1689
SAMUN BERSENJATAPI,34,11,0,48,11,18,2,27,0,22,1,16,144,0,334
SAMUN TANPA S/API,2528,286,91,2728,163,471,159,980,11,733,394,303,4347,27,13221
MENCEDERAKAN,545,336,157,385,137,166,116,392,35,308,199,273,1076,71,4196
JUMLAH,3847,808,334,3548,455,822,403,1652,73,1257,880,789,6741,158,21767
JENAYAH HARTABENDA :,,,,,,,,,,,,,,,
CURI,3445,2545,794,3562,542,1138,1149,2719,105,2697,2855,2278,8581,670,33080
CURI MOTOKAR,1381,248,182,1991,132,124,148,302,5,372,197,456,2974,112,8624
CURI MOTOSIKAL,8590,3169,2307,6284,1255,1304,1413,3048,209,4732,295,2167,15197,1590,51560
CURI VAN/LORI/J'BERAT,658,71,39,837,77,81,79,94,1,105,255,545,2032,18,4892
CURI RAGUT,1405,619,217,2819,221,209,183,864,15,1133,233,622,2858,138,11536
PECAH RUMAH DAN CURI,3086,1998,934,2192,554,1066,853,1856,116,1788,1441,1674,6634,712,24904
JUMLAH,18565,8650,4473,17685,2781,3922,3825,8883,451,10827,5276,7742,38276,3240,134596
JUMLAH JENAYAH INDEKS,22412,9458,4807,21233,3236,4744,4228,10535,524,12084,6156,8531,45017,3398,156363
JUMLAH JENAYAH JALANAN,4280,929,312,5773,419,736,358,1936,31,1912,682,980,7932,166,26446

JENAYAH INDEK SELURUH MALAYSIA :,,,,,,,,,,,,,,,
Mengikut Tarikh Kertas Siasatan Dari 1/1/2005 Hingga 31/12/2005 ,,,,,,,,,,,,,,,
KESALAHAN,JOHOR ,KEDAH ,KELANTAN ,KUALA LUMPUR ,MELAKA ,NEGERI SEMBILAN ,PAHANG ,PERAK ,PERLIS ,PULAU PINANG ,SABAH ,SARAWAK ,SELANGOR ,TRNGGANU ,Jumlah
JENAYAH KEKERASAN :,,,,,,,,,,,,,,,
BUNUH,76,19,6,47,16,24,5,30,1,39,70,46,112,6,497
ROGOL,311,167,87,111,69,95,89,148,19,69,161,111,366,84,1887
SAMUN BERKAWAN BERS/API,8,0,0,2,0,0,0,5,0,0,0,20,5,0,40
SAMUN BERKAWAN TANPA BERS/API,418,44,6,308,63,58,26,78,0,86,49,67,637,2,1842
SAMUN BERSENJATAPI,17,13,0,26,4,9,6,15,0,53,3,16,153,2,317
SAMUN TANPA S/API,2345,336,51,2546,218,484,175,944,16,879,441,309,4443,23,13210
MENCEDERAKAN,516,267,173,412,148,196,79,426,41,359,220,261,1044,104,4246
JUMLAH,3691,846,323,3452,518,866,380,1646,77,1485,944,830,6760,221,22039
JENAYAH HARTABENDA :,,,,,,,,,,,,,,,
CURI,3669,2620,717,3649,1173,1355,901,3006,109,2256,2566,2349,9048,899,34317
CURI MOTOKAR,1394,228,229,2200,144,160,111,303,10,446,187,653,3551,95,9711
CURI MOTOSIKAL,9984,3742,1863,5838,1274,1486,1006,3035,204,4935,249,2388,13713,1992,51709
CURI VAN/LORI/J'BERAT,705,54,39,969,69,70,81,153,3,110,237,546,2448,23,5507
CURI RAGUT,1186,572,246,1737,359,185,231,824,21,1220,227,509,2194,106,9617
PECAH RUMAH DAN CURI,2875,2122,1008,1845,756,1220,807,1801,93,1060,1395,1488,6807,1188,24465
JUMLAH,19813,9338,4102,16238,3775,4476,3137,9122,440,10027,4861,7933,37761,4303,135326
JUMLAH JENAYAH INDEKS,23504,10184,4425,19690,4293,5342,3517,10768,517,11512,5805,8763,44521,4524,157365
JUMLAH JENAYAH JALANAN,3949,952,303,4591,640,727,432,1846,37,2185,717,885,7274,131,24669



JENAYAH INDEK SELURUH MALAYSIA :,,,,,,,,,,,,,,,
Mengikut Tarikh Kertas Siasatan Dari 1/1/2006 Hingga 31/12/2006 ,,,,,,,,,,,,,,,
KESALAHAN,JOHOR ,KEDAH ,KELANTAN ,KUALA LUMPUR ,MELAKA ,NEGERI SEMBILAN ,PAHANG ,PERAK ,PERLIS ,PULAU PINANG ,SABAH ,SARAWAK ,SELANGOR ,TRNGGANU ,Jumlah
JENAYAH KEKERASAN :,,,,,,,,,,,,,,,
BUNUH,59,20,13,71,10,18,20,46,3,46,83,53,158,6,606
ROGOL,343,223,148,147,112,109,150,181,26,117,200,119,455,124,2454
SAMUN BERKAWAN BERS/API,14,7,0,5,2,0,1,1,0,1,2,20,13,1,67
SAMUN BERKAWAN TANPA BERS/API,564,63,12,533,70,58,34,122,0,169,64,113,911,10,2723
SAMUN BERSENJATAPI,31,31,0,18,0,10,7,12,1,38,6,7,85,2,248
SAMUN TANPA S/API,3364,464,64,4431,291,747,258,1215,13,1144,499,407,6488,82,19467
MENCEDERAKAN,725,358,246,644,201,241,139,508,74,475,301,362,1408,161,5843
JUMLAH,5100,1166,483,5849,686,1183,609,2085,117,1990,1155,1081,9518,386,31408
JENAYAH HARTABENDA :,,,,,,,,,,,,,,,
CURI,3677,1721,609,8542,1910,2189,2495,2740,128,3014,2671,3112,8756,908,42472
CURI MOTOKAR,2189,329,267,2136,178,186,125,383,11,417,239,818,3727,149,11154
CURI MOTOSIKAL,10604,5023,2498,7192,1360,1720,2129,3682,389,7105,341,3652,17386,2381,65462
CURI VAN/LORI/J'BERAT,987,72,60,819,72,96,91,169,2,98,276,555,3000,41,6338
CURI RAGUT,980,333,223,3867,216,288,178,659,11,1167,232,503,2237,180,11074
PECAH RUMAH DAN CURI,3461,1577,1182,3335,1076,1658,1472,2209,121,1477,1487,1688,6769,1360,28872
JUMLAH,21898,9055,4839,25891,4812,6137,6490,9842,662,13278,5246,10328,41875,5019,165372
JUMLAH JENAYAH INDEKS,26998,10221,5322,31740,5498,7320,7099,11927,779,15268,6401,11409,51393,5405,196780
JUMLAH JENAYAH JALANAN,4908,860,299,8831,577,1093,470,1996,24,2480,795,1023,9636,272,33264

JENAYAH INDEK SELURUH MALAYSIA :,,,,,,,,,,,,,,,
Mengikut Tarikh Kertas Siasatan Dari 1/1/2007 Hingga 31/12/2007 ,,,,,,,,,,,,,,,
KESALAHAN,JOHOR ,KEDAH ,KELANTAN ,KUALA LUMPUR ,MELAKA ,NEGERI SEMBILAN ,PAHANG ,PERAK ,PERLIS ,PULAU PINANG ,SABAH ,SARAWAK ,SELANGOR ,TRNGGANU ,Jumlah
JENAYAH KEKERASAN :,,,,,,,,,,,,,,,
BUNUH,68,21,16,67,5,22,18,46,1,50,68,46,147,15,590
ROGOL,478,311,164,228,135,155,202,228,28,161,204,132,609,141,3176
SAMUN BERKAWAN BERS/API,6,2,1,3,0,4,1,3,1,2,0,21,29,2,75
SAMUN BERKAWAN TANPA BERS/API,1284,119,9,1041,118,261,92,346,3,403,245,115,3033,24,7093
SAMUN BERSENJATAPI,20,14,2,30,0,6,1,14,3,17,1,5,83,1,197
SAMUN TANPA S/API,2758,696,84,3818,256,533,191,1021,12,1079,396,491,5818,82,17235
MENCEDERAKAN,776,498,309,740,207,249,213,572,42,563,389,487,1602,146,6793
JUMLAH,5390,1661,585,5927,721,1230,718,2230,90,2275,1303,1297,11321,411,35159
JENAYAH HARTABENDA :,,,,,,,,,,,,,,,
CURI,3991,2908,982,6234,1520,2227,2377,2881,167,4324,3134,2741,10131,1029,44646
CURI MOTOKAR,1987,457,501,2391,153,256,122,467,13,437,203,965,4368,108,12428
CURI MOTOSIKAL,10790,4973,2224,7604,1852,1838,2170,4565,381,6484,278,3148,18962,2337,67606
CURI VAN/LORI/J'BERAT,708,69,86,603,36,111,102,145,2,87,230,689,2157,22,5047
CURI RAGUT,780,763,305,2867,184,397,264,456,17,1222,285,538,2855,173,11106
PECAH RUMAH DAN CURI,3195,2356,1508,3847,1000,1676,1537,2115,90,1832,1820,2233,8798,1583,33590
JUMLAH,21451,11526,5606,23546,4745,6505,6572,10629,670,14386,5950,10314,47271,5252,174423
JUMLAH JENAYAH INDEKS,26841,13187,6191,29473,5466,7735,7290,12859,760,16661,7253,11611,58592,5663,209582
JUMLAH JENAYAH JALANAN,4822,1578,398,7726,558,1191,547,1823,32,2704,926,1144,11706,279,35434



JENAYAH INDEK SELURUH MALAYSIA :,,,,,,,,,,,,,,,
Mengikut Tarikh Kertas Siasatan Dari 1/1/2008 Hingga 31/12/2008 ,,,,,,,,,,,,,,,
KESALAHAN,JOHOR ,KEDAH ,KELANTAN ,KUALA LUMPUR ,MELAKA ,NEGERI SEMBILAN ,PAHANG ,PERAK ,PERLIS ,PULAU PINANG ,SABAH ,SARAWAK ,SELANGOR ,TRNGGANU ,Jumlah
JENAYAH KEKERASAN :,,,,,,,,,,,,,,,
BUNUH,98,26,15,55,14,29,13,58,3,46,67,39,185,6,654
ROGOL,571,309,250,186,129,199,206,237,46,183,240,145,643,150,3494
SAMUN BERKAWAN BERS/API,12,15,18,24,1,8,5,5,7,13,2,20,50,2,182
SAMUN BERKAWAN TANPA BERS/API,3799,557,66,4661,341,784,288,1191,4,1121,568,508,7848,68,21804
SAMUN BERSENJATAPI,4,11,10,4,0,6,1,12,5,1,0,0,19,3,76
SAMUN TANPA S/API,661,357,116,896,150,137,79,242,7,411,163,288,1399,53,4959
MENCEDERAKAN,820,467,351,562,228,261,240,489,57,447,410,611,1562,143,6648
JUMLAH,5965,1742,826,6388,863,1424,832,2234,129,2222,1450,1611,11706,425,37817
JENAYAH HARTABENDA :,,,,,,,,,,,,,,,
CURI,3973,2506,962,4803,1503,1812,2293,2454,143,3788,3465,3320,8869,1324,41215
CURI MOTOKAR,1745,682,763,3178,142,382,143,530,8,753,244,984,5458,186,15198
CURI MOTOSIKAL,10827,5311,3268,7285,1763,1847,1999,4689,429,6147,468,3335,17711,2280,67359
CURI VAN/LORI/J'BERAT,759,92,100,813,58,151,163,161,6,151,310,751,2714,34,6263
CURI RAGUT,15,589,315,2181,191,272,248,387,17,1103,419,398,1840,230,8205
PECAH RUMAH DAN CURI,3340,2185,1515,3790,1086,1780,1561,2126,76,2487,2142,2530,9454,1516,35588
JUMLAH,20659,11365,6923,22050,4743,6244,6407,10347,679,14429,7048,11318,46046,5570,173828
JUMLAH JENAYAH INDEKS,26624,13107,7749,28438,5606,7668,7239,12581,808,16651,8498,12929,57752,5995,211645
JUMLAH JENAYAH JALANAN,4475,1503,497,7738,682,1193,615,1820,28,2635,1150,1194,11087,351,34968

JENAYAH INDEK SELURUH MALAYSIA :,,,,,,,,,,,,,,,
Mengikut Tarikh Kertas Siasatan Dari 1/1/2009 Hingga 31/12/2009 ,,,,,,,,,,,,,,,
KESALAHAN,JOHOR ,KEDAH ,KELANTAN ,KUALA LUMPUR ,MELAKA ,NEGERI SEMBILAN ,PAHANG ,PERAK ,PERLIS ,PULAU PINANG ,SABAH ,SARAWAK ,SELANGOR ,TRNGGANU ,Jumlah
JENAYAH KEKERASAN :,,,,,,,,,,,,,,,
BUNUH,74,33,8,64,12,14,24,54,2,52,69,50,139,6,601
ROGOL,656,378,314,153,105,209,226,254,44,179,258,207,684,173,3840
SAMUN BERKAWAN BERS/API,87,46,16,127,1,62,26,35,13,28,0,11,359,4,815
SAMUN BERKAWAN TANPA BERS/API,5028,534,122,6156,240,909,246,1257,8,1030,407,572,7127,86,23722
SAMUN BERSENJATAPI,11,8,9,35,1,19,3,6,3,6,0,1,51,2,155
SAMUN TANPA S/API,1374,321,52,942,89,194,61,218,5,307,128,149,979,43,4862
MENCEDERAKAN,1144,539,421,772,294,351,334,654,78,559,480,604,1999,141,8370
JUMLAH,8374,1859,942,8249,742,1758,920,2478,153,2161,1342,1594,11338,455,42365
JENAYAH HARTABENDA :,,,,,,,,,,,,,,,
CURI,4211,2422,868,7510,1523,1362,1707,2145,129,3485,2939,2918,8750,895,40864
CURI MOTOKAR,1755,526,775,3138,226,266,234,689,28,786,277,686,4624,212,14222
CURI MOTOSIKAL,8825,4958,2841,6286,1520,1871,2167,4628,398,6185,663,3036,15528,2488,61394
CURI VAN/LORI/J'BERAT,612,122,69,726,59,99,143,306,8,248,280,637,2177,38,5524
CURI RAGUT,99,540,391,3341,232,273,174,479,8,1189,336,485,2064,128,9739
PECAH RUMAH DAN CURI,3391,2502,1515,4531,1321,1918,1376,2043,93,2765,2249,3200,10513,1153,38570
JUMLAH,18893,11070,6459,25532,4881,5789,5801,10290,664,14658,6744,10962,43656,4914,170313
JUMLAH JENAYAH INDEKS,27267,12929,7401,33781,5623,7547,6721,12768,817,16819,8086,12556,54994,5369,212678
JUMLAH JENAYAH JALANAN,6501,1395,565,10439,561,1376,481,1954,21,2526,871,1206,10170,257,38323



JENAYAH INDEK SELURUH MALAYSIA :,,,,,,,,,,,,,,,
Mengikut Tarikh Kertas Siasatan Dari 1/1/2010 Hingga 31/12/2010 ,,,,,,,,,,,,,,,
KESALAHAN,JOHOR ,KEDAH ,KELANTAN ,KUALA LUMPUR ,MELAKA ,NEGERI SEMBILAN ,PAHANG ,PERAK ,PERLIS ,PULAU PINANG ,SABAH ,SARAWAK ,SELANGOR ,TRNGGANU ,Jumlah
JENAYAH KEKERASAN :,,,,,,,,,,,,,,,
BUNUH,58,24,21,61,9,22,14,43,1,33,63,36,175,8,568
ROGOL,619,352,311,161,105,196,223,293,39,149,243,197,653,152,3693
SAMUN BERKAWAN BERS/API,142,103,38,100,7,157,96,13,6,67,1,6,1048,25,1809
SAMUN BERKAWAN TANPA BERS/API,2713,486,74,3931,266,837,163,1108,13,753,378,458,4566,63,15809
SAMUN BERSENJATAPI,23,20,13,21,1,21,18,2,5,21,0,1,152,11,309
SAMUN TANPA S/API,648,237,59,933,71,184,43,228,10,259,127,90,837,108,3834
MENCEDERAKAN,1026,492,386,969,263,276,304,548,72,593,402,596,2057,127,8111
JUMLAH,5229,1714,902,6176,722,1693,861,2235,146,1875,1214,1384,9488,494,34133
JENAYAH HARTABENDA :,,,,,,,,,,,,,,,
CURI,4356,2225,909,6186,1256,1164,1314,1986,282,2778,2705,2939,7459,847,36406
CURI MOTOKAR,1667,530,777,3482,253,308,247,660,16,464,234,462,6084,106,15290
CURI MOTOSIKAL,7812,4698,2776,5319,1875,1960,2196,4136,418,4282,751,3017,13769,1548,54557
CURI VAN/LORI/J'BERAT,538,109,125,753,68,152,123,192,6,143,295,554,1680,36,4774
CURI RAGUT,84,411,295,1897,122,55,101,244,58,835,144,398,1250,56,5950
PECAH RUMAH DAN CURI,2741,2035,1426,4682,1073,1484,1352,1911,163,2096,2337,3006,9739,1007,35052
JUMLAH,17198,10008,6308,22319,4647,5123,5333,9129,943,10598,6466,10376,39981,3600,152029
JUMLAH JENAYAH INDEKS,22427,11722,7210,28495,5369,6816,6194,11364,1089,12473,7680,11760,49469,4094,186162
JUMLAH JENAYAH JALANAN,3445,1134,428,6761,459,1076,307,1580,81,1847,649,946,6653,227,25593

JENAYAH INDEK SELURUH MALAYSIA :,,,,,,,,,,,,,,,
Mengikut Tarikh Kertas Siasatan Dari 1/1/2011 Hingga 31/12/2011 ,,,,,,,,,,,,,,,
KESALAHAN,JOHOR ,KEDAH ,KELANTAN ,KUALA LUMPUR ,MELAKA ,NEGERI SEMBILAN ,PAHANG ,PERAK ,PERLIS ,PULAU PINANG ,SABAH ,SARAWAK ,SELANGOR ,TRNGGANU ,Jumlah
JENAYAH KEKERASAN :,,,,,,,,,,,,,,,
BUNUH,86,28,16,33,14,21,21,41,3,31,68,35,127,6,530
ROGOL,582,327,276,145,81,172,222,226,51,146,240,151,516,135,3270
SAMUN BERKAWAN BERS/API,9,16,9,15,3,9,8,8,2,12,2,13,211,1,318
SAMUN BERKAWAN TANPA BERS/API,2448,595,179,4238,246,884,166,1047,10,660,294,289,4942,86,16084
SAMUN BERSENJATAPI,1,9,3,9,1,5,3,1,0,1,0,0,19,0,52
SAMUN TANPA S/API,440,162,64,1211,106,252,69,229,10,204,112,78,838,96,3871
MENCEDERAKAN,862,498,323,741,171,252,271,533,66,358,324,531,1488,119,6537
JUMLAH,4428,1635,870,6392,622,1595,760,2085,142,1412,1040,1097,8141,443,30662
JENAYAH HARTABENDA :,,,,,,,,,,,,,,,
CURI,3811,2097,736,4497,1219,1240,1303,1784,310,1907,2324,2517,5941,816,30502
CURI MOTOKAR,2006,564,641,3326,183,347,301,616,28,647,288,500,6389,274,16110
CURI MOTOSIKAL,7571,4229,2575,5692,1624,1494,2092,3422,364,3776,741,2992,12957,1367,50896
CURI VAN/LORI/J'BERAT,480,104,71,664,40,96,111,153,5,142,233,694,1653,26,4472
CURI RAGUT,76,285,169,951,117,25,66,169,52,198,94,389,799,63,3453
PECAH RUMAH DAN CURI,2598,1753,1137,3480,1025,1253,1361,1640,212,1676,1897,2894,8422,852,30200
JUMLAH,16542,9032,5329,18610,4208,4455,5234,7784,971,8346,5577,9986,36161,3398,135633
JUMLAH JENAYAH INDEKS,20970,10667,6199,25002,4830,6050,5994,9869,1113,9758,6617,11083,44302,3841,166295
JUMLAH JENAYAH JALANAN,2964,1042,412,6400,469,1161,301,1445,72,1062,500,756,6579,245,23408



JENAYAH INDEK SELURUH MALAYSIA :,,,,,,,,,,,,,,,
Mengikut Tarikh Kertas Siasatan Dari 1/1/2012 Hingga 31/12/2012 ,,,,,,,,,,,,,,,
KESALAHAN,JOHOR ,KEDAH ,KELANTAN ,KUALA LUMPUR ,MELAKA ,NEGERI SEMBILAN ,PAHANG ,PERAK ,PERLIS ,PULAU PINANG ,SABAH ,SARAWAK ,SELANGOR ,TRNGGANU ,Jumlah
JENAYAH KEKERASAN :,,,,,,,,,,,,,,,
BUNUH,80,29,17,46,14,27,20,41,1,47,61,46,166,7,602
ROGOL,504,291,237,138,97,170,216,188,42,123,224,163,421,150,2964
SAMUN BERKAWAN BERS/API,6,11,8,17,1,5,9,15,0,7,6,10,15,0,110
SAMUN BERKAWAN TANPA BERS/API,2031,613,155,4287,356,1010,275,1023,19,586,243,232,5812,96,16738
SAMUN BERSENJATAPI,0,1,3,3,0,1,1,0,0,2,4,0,2,0,17
SAMUN TANPA S/API,383,126,57,1049,109,153,67,170,13,174,107,97,701,69,3275
MENCEDERAKAN,838,469,340,749,170,334,254,481,83,344,358,538,1179,107,6244
JUMLAH,3842,1540,817,6289,747,1700,842,1918,158,1283,1003,1086,8296,429,29950
JENAYAH HARTABENDA :,,,,,,,,,,,,,,,
CURI,2910,1657,595,3910,888,1460,992,1185,251,1274,1695,2394,4437,651,24299
CURI MOTOKAR,1738,714,746,3359,211,330,302,664,26,671,472,897,5792,274,16196
CURI MOTOSIKAL,7731,4323,2646,5693,2004,1503,2176,3004,329,3601,864,2568,13285,1532,51259
CURI VAN/LORI/J'BERAT,590,95,82,549,64,122,169,159,6,168,192,539,1757,34,4526
CURI RAGUT,38,234,115,384,30,10,78,145,36,275,103,271,725,56,2500
PECAH RUMAH DAN CURI,2219,1537,1052,2838,820,1438,1060,1470,168,1127,1717,2627,6337,529,24939
JUMLAH,15226,8560,5236,16733,4017,4863,4777,6627,816,7116,5043,9296,32333,3076,123719
JUMLAH JENAYAH INDEKS,19068,10100,6053,23022,4764,6563,5619,8545,974,8399,6046,10382,40629,3505,153669
JUMLAH JENAYAH JALANAN,2452,973,327,5720,495,1173,420,1338,68,1035,453,600,7238,221,22513

JENAYAH INDEK SELURUH MALAYSIA :,,,,,,,,,,,,,,,
Mengikut Tarikh Kertas Siasatan Dari 1/1/2013 Hingga 31/12/2013 ,,,,,,,,,,,,,,,
KESALAHAN,JOHOR ,KEDAH ,KELANTAN ,KUALA LUMPUR ,MELAKA ,NEGERI SEMBILAN ,PAHANG ,PERAK ,PERLIS ,PULAU PINANG ,SABAH ,SARAWAK ,SELANGOR ,TRNGGANU ,Jumlah
JENAYAH KEKERASAN :,,,,,,,,,,,,,,,
BUNUH,89,20,21,58,19,24,22,52,0,36,63,51,167,5,627
ROGOL,443,230,228,143,110,166,191,156,41,118,225,147,395,125,2718
SAMUN BERKAWAN BERS/API,6,7,7,14,2,12,6,4,2,6,4,10,17,1,98
SAMUN BERKAWAN TANPA BERS/API,1699,592,130,4589,365,711,269,841,22,729,246,268,6090,96,16647
SAMUN BERSENJATAPI,0,2,0,8,0,4,0,0,1,0,1,0,5,0,21
SAMUN TANPA S/API,326,128,59,1224,135,145,72,152,4,170,114,97,871,68,3565
MENCEDERAKAN,676,383,294,744,141,430,222,402,85,337,273,452,1108,152,5699
JUMLAH,3239,1362,739,6780,772,1492,782,1607,155,1396,926,1025,8653,447,29375
JENAYAH HARTABENDA :,,,,,,,,,,,,,,,
CURI,2322,1298,447,3391,696,1368,822,989,202,1089,1466,1730,5147,438,21405
CURI MOTOKAR,2188,558,746,3281,192,281,339,571,19,716,522,1239,5832,249,16733
CURI MOTOSIKAL,6754,3676,2668,5459,1766,1342,2219,2770,316,3365,978,3100,12653,2067,49133
CURI VAN/LORI/J'BERAT,776,85,137,688,64,106,179,164,4,211,158,317,2049,43,4981
CURI RAGUT,28,158,64,214,12,6,43,152,24,165,57,183,984,28,2118
PECAH RUMAH DAN CURI,1798,1499,936,2506,684,1398,873,1176,111,994,1665,1597,7742,338,23317
JUMLAH,13866,7274,4998,15539,3414,4501,4475,5822,676,6540,4846,8166,34407,3163,117687
JUMLAH JENAYAH INDEKS,17105,8636,5737,22319,4186,5993,5257,7429,831,7936,5772,9191,43060,3610,147062
JUMLAH JENAYAH JALANAN,2053,878,253,6027,512,862,384,1145,50,1064,417,548,7945,192,22330



JENAYAH INDEK SELURUH MALAYSIA :,,,,,,,,,,,,,,,
Mengikut Tarikh Kertas Siasatan Dari 1/1/2014 Hingga 31/12/2014 ,,,,,,,,,,,,,,,
KESALAHAN,JOHOR ,KEDAH ,KELANTAN ,KUALA LUMPUR ,MELAKA ,NEGERI SEMBILAN ,PAHANG ,PERAK ,PERLIS ,PULAU PINANG ,SABAH ,SARAWAK ,SELANGOR ,TRNGGANU ,Jumlah
JENAYAH KEKERASAN :,,,,,,,,,,,,,,,
BUNUH,70,24,15,43,11,25,24,32,2,53,52,41,109,9,510
ROGOL,306,245,206,139,65,135,150,127,33,93,220,138,317,112,2286
SAMUN BERKAWAN BERS/API,8,9,4,22,3,2,11,2,0,4,4,10,10,0,89
SAMUN BERKAWAN TANPA BERS/API,1491,515,173,3217,389,722,260,779,19,544,212,206,5063,81,13671
SAMUN BERSENJATAPI,1,1,2,9,0,0,1,1,0,1,1,1,5,0,23
SAMUN TANPA S/API,357,173,92,831,115,173,53,179,11,191,101,83,812,78,3249
MENCEDERAKAN,700,369,323,690,222,380,232,382,61,328,232,413,1086,179,5597
JUMLAH KEKERASAN,2933,1336,815,4951,805,1437,731,1502,126,1214,822,892,7402,459,25425
JENAYAH HARTABENDA :,,,,,,,,,,,,,,,
CURI,2216,1015,531,3133,570,1228,974,1021,159,1131,1236,1282,4675,489,19660
CURI MOTOKAR,1686,553,699,2481,198,208,292,442,20,640,327,916,4723,222,13407
CURI MOTOSIKAL,6052,3627,2283,4469,1523,1202,2106,2388,327,2969,1140,2680,10688,1561,43015
CURI VAN/LORI/J'BERAT,552,92,98,548,31,115,115,173,12,166,240,244,1648,42,4076
CURI RAGUT,40,100,76,593,5,16,71,133,26,245,68,140,845,21,2379
PECAH RUMAH DAN CURI,1603,1305,1101,2118,543,1289,796,1201,118,1126,1377,1402,6184,419,20582
JUMLAH HARTABENDA,12149,6692,4788,13342,2870,4058,4354,5358,662,6277,4388,6664,28763,2754,103119
JUMLAH JENAYAH INDEKS,15082,8028,5603,18293,3675,5495,5085,6860,788,7491,5210,7556,36165,3213,128544
JUMLAH JENAYAH JALANAN,1888,788,341,4641,509,911,384,1091,56,980,381,429,6720,180,19299

JENAYAH INDEK SELURUH MALAYSIA :,,,,,,,,,,,,,,,
Mengikut Tarikh Kertas Siasatan Dari 1/01/2015 Hingga 31/12/2015 ,,,,,,,,,,,,,,,
KESALAHAN,JOHOR ,KEDAH ,KELANTAN ,KUALA LUMPUR ,MELAKA ,NEGERI SEMBILAN ,PAHANG ,PERAK ,PERLIS ,PULAU PINANG ,SABAH ,SARAWAK ,SELANGOR ,TERENG- GANU ,Jumlah
JENAYAH KEKERASAN :,,,,,,,,,,,,,,,
BUNUH,74,29,12,35,8,22,18,50,1,32,36,37,137,8,499
ROGOL,265,204,180,123,82,117,94,92,31,77,215,148,309,110,2047
SAMUN BERKAWAN BERS/API,4,3,1,16,2,2,2,8,0,5,3,10,5,1,62
SAMUN BERKAWAN TANPA BERS/API,1075,491,111,2115,208,700,256,601,18,573,167,194,4149,60,10718
SAMUN BERSENJATAPI,1,1,0,6,0,1,0,0,0,2,0,2,1,0,14
SAMUN TANPA S/API,344,181,63,652,94,174,57,165,7,199,89,100,765,64,2954
MENCEDERAKAN,650,402,277,725,192,263,250,372,85,324,263,362,1217,134,5516
JUMLAH KEKERASAN,2413,1311,644,3672,586,1279,677,1288,142,1212,773,853,6583,377,21810
JENAYAH HARTABENDA :,,,,,,,,,,,,,,,
CURI,1934,1105,493,2995,418,1008,727,966,92,969,1588,1178,4157,448,18078
CURI MOTOKAR,1592,575,735,2229,167,244,329,399,28,494,248,840,3932,237,12049
CURI MOTOSIKAL,5595,3120,2112,4015,1304,1167,1594,2203,358,2488,792,2778,9794,1245,38565
CURI VAN/LORI/J'BERAT,473,106,90,524,26,73,93,165,3,154,132,200,1326,30,3395
CURI RAGUT,33,101,64,604,2,18,42,73,16,231,99,108,950,21,2362
PECAH RUMAH DAN CURI,1440,1499,893,1907,445,998,795,1134,102,1150,1544,1273,5805,301,19286
JUMLAH HARTABENDA,11067,6506,4387,12274,2362,3508,3580,4940,599,5486,4403,6377,25964,2282,93735
JUMLAH JENAYAH INDEKS,13480,7817,5031,15946,2948,4787,4257,6228,741,6698,5176,7230,32547,2659,115545
JUMLAH KECURIAN KENDERAAN,7660,3801,2937,6768,1497,1484,2016,2767,389,3136,1172,3818,15052,1512,54009
JUMLAH JENAYAH JALANAN,1452,773,238,3371,304,892,355,839,41,1003,355,402,5864,145,16034


JENAYAH INDEK SELURUH MALAYSIA :,,,,,,,,,,,,,,,
Mengikut Tarikh Kertas Siasatan Dari 1/01/2016 Hingga 31/12/2016 ,,,,,,,,,,,,,,,
KESALAHAN,JOHOR ,KEDAH ,KELANTAN ,KUALA LUMPUR ,MELAKA ,NEGERI SEMBILAN ,PAHANG ,PERAK ,PERLIS ,PULAU PINANG ,SABAH ,SARAWAK ,SELANGOR ,TERENG- GANU ,Jumlah
JENAYAH KEKERASAN :,,,,,,,,,,,,,,,
BUNUH,70,17,10,41,13,17,15,42,0,28,60,27,105,11,456
ROGOL,274,165,144,93,60,107,134,96,31,65,193,138,305,81,1886
SAMUN BERKAWAN BERS/API,10,2,1,13,2,2,0,8,0,2,3,15,7,0,65
SAMUN BERKAWAN TANPA BERS/API,1308,461,71,2272,610,474,234,539,17,406,118,281,4028,88,10907
SAMUN BERSENJATAPI,3,2,1,4,0,2,1,1,0,1,0,2,0,1,18
SAMUN TANPA S/API,447,194,25,710,276,223,58,197,9,224,60,76,905,59,3463
MENCEDERAKAN,708,398,291,643,193,259,209,412,52,312,213,414,1260,167,5531
JUMLAH KEKERASAN,2820,1239,543,3776,1154,1084,651,1295,109,1038,647,953,6610,407,22326
JENAYAH HARTABENDA :,,,,,,,,,,,,,,,
CURI,2073,1082,613,3595,519,1015,622,955,192,1010,1648,1330,4793,447,19894
CURI MOTOKAR,1443,497,614,2104,170,177,254,386,20,449,233,748,3309,203,10607
CURI MOTOSIKAL,4686,3125,1945,3864,1246,1053,1399,2112,228,2401,850,2006,8890,949,34754
CURI VAN/LORI/J'BERAT,400,111,90,495,25,116,103,118,4,110,136,174,1140,28,3050
CURI RAGUT,44,99,61,1288,6,6,29,60,17,191,96,75,983,8,2963
PECAH RUMAH DAN CURI,1475,1287,682,1867,544,1023,719,915,85,917,1757,1540,5497,452,18760
JUMLAH HARTABENDA,10121,6201,4005,13213,2510,3390,3126,4546,546,5078,4720,5873,24612,2087,90028
JUMLAH JENAYAH INDEKS,12941,7440,4548,16989,3664,4474,3777,5841,655,6116,5367,6826,31222,2494,112354
JUMLAH KECURIAN KENDERAAN,6529,3733,2649,6463,1441,1346,1756,2616,252,2960,1219,2928,13339,1180,48411
JUMLAH JENAYAH JALANAN,1799,754,157,4270,892,703,321,796,43,821,274,432,5916,155,17333
